"Time"	"pip3"	"pi45p2"
10	0.272336505999749	110.039068693525
40	1.23151483696839	97.0957501585158
70	1.60916181334494	111.36297605453
130	1.23665871611205	103.775752107554
310	0.889623370945108	99.8336806196385
910	0.587645041505128	91.4552223869994

"Time"	"pip3"	"pi45p2"	"pten"
10	0.376603335674858	126.627969896963	0
40	1.4691073352767	110.569978843912	0
70	2.35548658716463	108.745973355638	0
130	2.51165528596793	116.1158485298	0
310	1.9873757793104	133.610269178294	0
910	1.21314643446101	113.676858724647	0
