Parameter Estimation Task

Problem Description:
Subtask: 
Time-Course Task

Problem Description:
    StepNumber: 1
    StepSize: 900
    Duration: 900
    TimeSeriesRequested: 0
    OutputStartTime: 0
    Output Event: 0

Method: Deterministic (LSODA)
    Integrate Reduced Model: 0
    Relative Tolerance: 1e-06
    Absolute Tolerance: 1e-12
    Max Internal Steps: 10000


List of Fitting Items:
    0 <= (pi3k_activation).K_act <= 10; Start Value = 4.46201
    Affected Experiments:
      all    Affected Validation Experiments:
      all
    0 <= (pi3k_activation).k <= 10; Start Value = 0.941616
    Affected Experiments:
      all    Affected Validation Experiments:
      all
    0 <= (pi3k_deactivation).k1 <= 10; Start Value = 9.15871
    Affected Experiments:
      all    Affected Validation Experiments:
      all
    0 <= (pi3k_pi45p2_binding).k1 <= 50; Start Value = 24.9805
    Affected Experiments:
      all    Affected Validation Experiments:
      all
    0 <= (pi3k_pi45p2_binding).k2 <= 7; Start Value = 1.80908
    Affected Experiments:
      all    Affected Validation Experiments:
      all
    0 <= (pip3_pi45p2_production).k1 <= 50; Start Value = 31.4024
    Affected Experiments:
      all    Affected Validation Experiments:
      all
    0 <= (pip3_pten_binding).k1 <= 15; Start Value = 12.3523
    Affected Experiments:
      all    Affected Validation Experiments:
      all
    0 <= (pip3_pten_binding).k2 <= 1; Start Value = 0.366464
    Affected Experiments:
      all    Affected Validation Experiments:
      all
    0 <= (pip3_degradation).k1 <= 10; Start Value = 1.20629
    Affected Experiments:
      all    Affected Validation Experiments:
      all
    0 <= (pi45p2_pip3_production).k1 <= 10; Start Value = 0.416431
    Affected Experiments:
      all    Affected Validation Experiments:
      all
    0 <= [pten]_0 <= 1.0; Start Value = 0.91196
    Affected Experiments:
      all    Affected Validation Experiments:
      all

Method: Evolutionary Programming
    Number of Generations: 200
    Population Size: 20
    Random Number Generator: 1
    Seed: 0

[Function Evaluations]	[Best Value]	[Best Parameters]
20	1.33197	(	5.86867	4.96508	4.73429	31.5078	4.09572	28.6152	2.12644	0.398129	1.49319	2.17557	0.718382	)
80	1.04912	(	10	10	7.55547	33.1356	2.86795	37.2704	8.08444	1	1.47318	10	0.0766991	)
380	1.02388	(	7.96713	7.45669	1.7789	21.5569	0	50	2.86884	0.862223	2.53206	4.12982	0.69283	)
540	0.998866	(	9.96845	9.5228	2.49795	27.9536	2.25372	49.3029	6.91672	1	2.39264	3.14191	0.443037	)
580	0.883472	(	10	10	2.30863	19.6351	1.50744	49.6262	5.54849	0.740101	2.35514	10	0.290948	)
720	0.836071	(	9.74355	9.65357	2.59786	18.5861	0	49.3985	4.50849	0.944223	2.08687	10	0.397063	)
820	0.832769	(	8.94705	9.60897	2.63902	16.4947	0	50	4.19371	0.952623	2.10001	10	0.363433	)
1120	0.824868	(	9.09708	9.42171	2.75819	19.0817	3.3197	50	4.38558	1	2.05045	10	0.394079	)
1160	0.820341	(	9.11931	9.46328	2.87021	19.6043	3.4655	50	4.42181	0.926165	2.05522	8.65346	0.358285	)
1180	0.81834	(	9.26624	8.70209	2.89114	18.3466	0	50	4.29904	0.958961	1.8671	5.75779	0.412945	)
1240	0.812794	(	9.03206	8.83174	2.79359	17.5395	0	49.5104	4.19785	1	1.93139	10	0.391603	)
1300	0.811561	(	9.54548	8.72619	2.7694	17.866	0	50	4.03579	0.952307	1.93643	3.48278	0.397492	)
1340	0.807359	(	9.2247	9.0649	2.77364	17.285	0	49.7999	4.07977	0.989441	1.94475	6.21929	0.399971	)
1420	0.806493	(	10	9.06925	2.83523	19.2314	0	49.8061	3.96252	0.88593	1.94749	5.09442	0.40909	)
1520	0.804801	(	9.41989	8.21007	2.75549	19.252	0.94873	50	4.37886	0.929311	1.9211	3.17426	0.420191	)
1560	0.804696	(	8.97728	8.31709	2.78047	17.9098	0	48.9928	4.00956	1	1.89846	10	0.372254	)
1580	0.803945	(	10	9.04937	2.85957	18.8678	0	50	3.95291	0.897402	1.92956	5.9492	0.386955	)
1680	0.802639	(	9.73872	8.95386	2.74986	19.2468	4.02627	50	3.88736	1	1.92332	10	0.382776	)
1780	0.802275	(	9.42016	8.27793	2.76023	19.347	1.57233	50	4.38172	0.913527	1.90593	2.93585	0.420066	)
1840	0.802096	(	9.45952	8.28275	2.76541	19.186	1.61062	50	4.34137	0.921375	1.90909	2.84064	0.419672	)
1900	0.801143	(	10	9.12016	2.89511	18.8642	1.65587	50	3.99544	0.897602	1.89881	5.9624	0.38287	)
1920	0.800487	(	9.80505	9.13842	2.89753	18.9104	1.91052	49.9896	3.99421	0.908357	1.89662	6.20091	0.380474	)
1940	0.800162	(	9.36604	8.11881	2.75363	19.3096	2.67799	50	4.37047	0.897287	1.87633	2.16553	0.416892	)
1980	0.799081	(	10	9.04626	2.92525	18.7809	0.542524	49.9287	3.90549	0.8788	1.88553	5.1373	0.408265	)
2040	0.798356	(	10	9.05575	2.95203	18.7686	0	49.8911	3.9156	0.882358	1.88288	5.06247	0.407111	)
2160	0.797167	(	10	9.06444	2.9502	18.8134	0.260596	49.9374	3.89696	0.8831	1.87567	5.05768	0.403613	)
2220	0.79596	(	10	9.03889	2.96008	18.8197	0.407851	49.9319	3.92361	0.884414	1.86401	5.07558	0.40055	)
2300	0.795542	(	9.91166	9.0279	2.96839	18.8054	0.972855	49.9489	3.90074	0.890702	1.86128	5.28167	0.399748	)
2340	0.7942	(	10	9.02694	2.96979	18.7954	0.898596	49.9566	3.86492	0.888062	1.84954	5.26468	0.402144	)
2400	0.792891	(	10	8.92435	2.90645	18.7364	1.92626	49.8757	3.9195	0.882959	1.81887	4.50431	0.404517	)
2420	0.792647	(	10	8.95736	2.90882	18.7527	2.31581	49.8936	4.00075	0.883221	1.82872	4.19974	0.402078	)
2520	0.790848	(	10	8.96707	2.93432	18.7258	2.67864	49.8751	3.9282	0.882644	1.79997	3.91555	0.403494	)
2560	0.789738	(	10	8.86364	2.90265	18.744	3.00515	49.9179	3.82147	0.882615	1.80598	5.93837	0.390404	)
2800	0.78916	(	9.94249	8.91527	2.93924	18.7495	4.54518	49.9457	4.11545	0.882826	1.78485	2.67828	0.397519	)
2820	0.787902	(	9.9383	8.67295	2.92132	18.7589	4.12042	49.9636	4.06922	0.882767	1.7649	2.22403	0.413681	)
3000	0.787615	(	9.94092	8.70918	2.87939	18.7632	4.193	49.9538	4.06384	0.882967	1.76915	3.04905	0.416356	)
3180	0.784978	(	9.94607	8.5262	2.88335	18.7625	4.48011	49.9367	4.07304	0.88391	1.73663	2.80218	0.419552	)
3200	0.784544	(	9.93812	8.73247	3.05994	18.7555	3.42798	49.9904	4.06187	0.884391	1.73506	2.78592	0.416236	)
3320	0.784137	(	10	8.95602	3.10135	18.7229	2.97017	49.8651	4.04828	0.880055	1.73849	3.77094	0.384595	)
3340	0.779838	(	10	8.74635	3.15479	18.7492	3.34559	49.994	4.09023	0.883014	1.68637	2.14044	0.425831	)
3460	0.778783	(	9.8881	9.02872	3.38905	18.7537	3.27924	49.9751	4.08108	0.882914	1.66793	2.22476	0.414926	)
3600	0.776813	(	9.9613	8.14019	2.89347	18.7702	6.05078	49.9254	4.07125	0.882411	1.6581	2.0258	0.428724	)
3680	0.774747	(	9.86408	8.85388	3.48266	18.7594	3.65454	49.9894	4.08104	0.883715	1.61533	2.22943	0.405107	)
3780	0.772218	(	9.98459	8.13971	3.019	18.7796	7	49.9184	4.1108	0.880464	1.58634	1.71283	0.435402	)
3940	0.771398	(	9.78941	8.73896	3.62291	18.7477	3.13427	49.9968	4.09001	0.884031	1.57889	2.20437	0.388214	)

Parameter Estimation Result:

Objective Function Value:	0.771398
Standard Deviation:	0.243595
Function Evaluations:	4002
CPU Time [s]:	14.096
Evaluations/Second [1/s]:	283.91

	Parameter	Value	Gradient	Standard Deviation
	(pi3k_activation).K_act:	9.78941	nan	nan
	(pi3k_activation).k:	8.73896	nan	nan
	(pi3k_deactivation).k1:	3.62291	nan	nan
	(pi3k_pi45p2_binding).k1:	18.7477	nan	nan
	(pi3k_pi45p2_binding).k2:	3.13427	nan	nan
	(pip3_pi45p2_production).k1:	49.9968	nan	nan
	(pip3_pten_binding).k1:	4.09001	nan	nan
	(pip3_pten_binding).k2:	0.884031	nan	nan
	(pip3_degradation).k1:	1.57889	nan	nan
	(pi45p2_pip3_production).k1:	2.20437	nan	nan
	[pten]_0:	0.388214	nan	nan

File Name:	/nfs/research2/lenovere/Vladimir/projects/PI3K/parameter_estimation/test/COPASI-parallel-param-estimator-results/model3/pten_lit.txt
Experiment:	pten_lit
Mean:	-0.0329449
Objective Value:	0.357929
Root Mean Square:	0.172706
Row	Time	[pip3](Data)	[pip3](Fit)	[pip3](Weighted Error)	[pi45p2](Data)	[pi45p2](Fit)	[pi45p2](Weighted Error)	Objective Value	Root Mean Square

1.	10	0.376603	0.203055	-0.173548	126.628	115	-0.17716	0.0615045	0.175363
2.	40	1.46911	1.81786	0.348756	110.57	115	0.0674944	0.126186	0.251183
3.	70	2.35549	2.22166	-0.133828	108.746	115	0.0952844	0.0269891	0.116166
4.	130	2.51166	2.2817	-0.229958	116.116	115	-0.0170007	0.0531696	0.163048
5.	310	1.98738	2.08337	0.0959927	133.61	115	-0.28354	0.0896096	0.211671
6.	910	1.21315	1.20516	-0.00799115	113.677	115	0.020159	0.000470242	0.0153337
Objective Value				0.231819			0.126111
Root Mean Square				0.196562			0.144977
Weight				1			0.0152357

File Name:	/nfs/research2/lenovere/Vladimir/projects/PI3K/parameter_estimation/test/COPASI-parallel-param-estimator-results/model3/wt_lit.txt
Experiment:	Experiment
Mean:	0.0576812
Objective Value:	0.413468
Root Mean Square:	0.185622
Row	Time	[pip3](Data)	[pip3](Fit)	[pip3](Weighted Error)	[pi45p2](Data)	[pi45p2](Fit)	[pi45p2](Weighted Error)	Objective Value	Root Mean Square

1.	10	0.272337	0.12459	-0.147746	110.039	115	0.0516998	0.0245019	0.110684
2.	40	1.23151	1.06174	-0.169772	97.0958	115	0.186587	0.0636373	0.178378
3.	70	1.60916	1.29396	-0.315199	111.363	115	0.0379028	0.100787	0.224485
4.	130	1.23666	1.3282	0.0915388	103.776	115	0.116972	0.0220619	0.105028
5.	310	0.889623	1.21267	0.323051	99.8337	115	0.158054	0.129343	0.254306
6.	910	0.587645	0.701361	0.113716	91.4552	115	0.245369	0.0731374	0.191229
Objective Value				0.275674			0.137794
Root Mean Square				0.21435			0.151544
Weight				1			0.0104214



